hackme_pass=8254c329a92850f6d539dd376f4816ee2764517da5e0235514af433164480d7a; hackme=xss; _ga=GA1.2.451114830.1594226815; nmstat=1597279985710; AMCV_8E929CC25A1FB2B30A495C97%40AdobeOrg=1687686476%7CMCIDTS%7C18683%7CMCMID%7C14318404442768649146714445641313643969%7CMCAID%7CNONE%7CMCOPTOUT-1614621428s%7CNONE%7CvVersion%7C3.0.0; utag_main=v_id:0177d1f4a6070033a78f6cb8158003078004107000bd0$_sn:2$_se:9$_ss:0$_st:1614616073997$vapi_domain:utdallas.edu$ses_id:1614614226678%3Bexp-session$_pn:4%3Bexp-session; PHPSESSID=oc7pce6vnvtv4g09oig5rlp2d0
hackme_pass=8254c329a92850f6d539dd376f4816ee2764517da5e0235514af433164480d7a; hackme=UTI; _ga=GA1.2.451114830.1594226815; nmstat=1597279985710; AMCV_8E929CC25A1FB2B30A495C97%40AdobeOrg=1687686476%7CMCIDTS%7C18683%7CMCMID%7C14318404442768649146714445641313643969%7CMCAID%7CNONE%7CMCOPTOUT-1614621428s%7CNONE%7CvVersion%7C3.0.0; utag_main=v_id:0177d1f4a6070033a78f6cb8158003078004107000bd0$_sn:2$_se:9$_ss:0$_st:1614616073997$vapi_domain:utdallas.edu$ses_id:1614614226678%3Bexp-session$_pn:4%3Bexp-session; PHPSESSID=oc7pce6vnvtv4g09oig5rlp2d0
hackme_pass=8254c329a92850f6d539dd376f4816ee2764517da5e0235514af433164480d7a; hackme=UTI; _ga=GA1.2.451114830.1594226815; nmstat=1597279985710; AMCV_8E929CC25A1FB2B30A495C97%40AdobeOrg=1687686476%7CMCIDTS%7C18683%7CMCMID%7C14318404442768649146714445641313643969%7CMCAID%7CNONE%7CMCOPTOUT-1614621428s%7CNONE%7CvVersion%7C3.0.0; utag_main=v_id:0177d1f4a6070033a78f6cb8158003078004107000bd0$_sn:2$_se:9$_ss:0$_st:1614616073997$vapi_domain:utdallas.edu$ses_id:1614614226678%3Bexp-session$_pn:4%3Bexp-session; PHPSESSID=oc7pce6vnvtv4g09oig5rlp2d0